64000 65000 66000 67000 68000 69000 70000 71000 72000 73000 74000 75000 76000 77000 78000 79000 80000 81000 82000 83000 84000 85000 86000 87000 88000 89000 90000 91000 92000 93000 94000 95000 
64001 65001 66001 67001 68001 69001 70001 71001 72001 73001 74001 75001 76001 77001 78001 79001 80001 81001 82001 83001 84001 85001 86001 87001 88001 89001 90001 91001 92001 93001 94001 95001 
64002 65002 66002 67002 68002 69002 70002 71002 72002 73002 74002 75002 76002 77002 78002 79002 80002 81002 82002 83002 84002 85002 86002 87002 88002 89002 90002 91002 92002 93002 94002 95002 
64003 65003 66003 67003 68003 69003 70003 71003 72003 73003 74003 75003 76003 77003 78003 79003 80003 81003 82003 83003 84003 85003 86003 87003 88003 89003 90003 91003 92003 93003 94003 95003 
64004 65004 66004 67004 68004 69004 70004 71004 72004 73004 74004 75004 76004 77004 78004 79004 80004 81004 82004 83004 84004 85004 86004 87004 88004 89004 90004 91004 92004 93004 94004 95004 
64005 65005 66005 67005 68005 69005 70005 71005 72005 73005 74005 75005 76005 77005 78005 79005 80005 81005 82005 83005 84005 85005 86005 87005 88005 89005 90005 91005 92005 93005 94005 95005 
64006 65006 66006 67006 68006 69006 70006 71006 72006 73006 74006 75006 76006 77006 78006 79006 80006 81006 82006 83006 84006 85006 86006 87006 88006 89006 90006 91006 92006 93006 94006 95006 
64007 65007 66007 67007 68007 69007 70007 71007 72007 73007 74007 75007 76007 77007 78007 79007 80007 81007 82007 83007 84007 85007 86007 87007 88007 89007 90007 91007 92007 93007 94007 95007 
64008 65008 66008 67008 68008 69008 70008 71008 72008 73008 74008 75008 76008 77008 78008 79008 80008 81008 82008 83008 84008 85008 86008 87008 88008 89008 90008 91008 92008 93008 94008 95008 
64009 65009 66009 67009 68009 69009 70009 71009 72009 73009 74009 75009 76009 77009 78009 79009 80009 81009 82009 83009 84009 85009 86009 87009 88009 89009 90009 91009 92009 93009 94009 95009 
64010 65010 66010 67010 68010 69010 70010 71010 72010 73010 74010 75010 76010 77010 78010 79010 80010 81010 82010 83010 84010 85010 86010 87010 88010 89010 90010 91010 92010 93010 94010 95010 
64011 65011 66011 67011 68011 69011 70011 71011 72011 73011 74011 75011 76011 77011 78011 79011 80011 81011 82011 83011 84011 85011 86011 87011 88011 89011 90011 91011 92011 93011 94011 95011 
64012 65012 66012 67012 68012 69012 70012 71012 72012 73012 74012 75012 76012 77012 78012 79012 80012 81012 82012 83012 84012 85012 86012 87012 88012 89012 90012 91012 92012 93012 94012 95012 
64013 65013 66013 67013 68013 69013 70013 71013 72013 73013 74013 75013 76013 77013 78013 79013 80013 81013 82013 83013 84013 85013 86013 87013 88013 89013 90013 91013 92013 93013 94013 95013 
64014 65014 66014 67014 68014 69014 70014 71014 72014 73014 74014 75014 76014 77014 78014 79014 80014 81014 82014 83014 84014 85014 86014 87014 88014 89014 90014 91014 92014 93014 94014 95014 
64015 65015 66015 67015 68015 69015 70015 71015 72015 73015 74015 75015 76015 77015 78015 79015 80015 81015 82015 83015 84015 85015 86015 87015 88015 89015 90015 91015 92015 93015 94015 95015 
64016 65016 66016 67016 68016 69016 70016 71016 72016 73016 74016 75016 76016 77016 78016 79016 80016 81016 82016 83016 84016 85016 86016 87016 88016 89016 90016 91016 92016 93016 94016 95016 
64017 65017 66017 67017 68017 69017 70017 71017 72017 73017 74017 75017 76017 77017 78017 79017 80017 81017 82017 83017 84017 85017 86017 87017 88017 89017 90017 91017 92017 93017 94017 95017 
64018 65018 66018 67018 68018 69018 70018 71018 72018 73018 74018 75018 76018 77018 78018 79018 80018 81018 82018 83018 84018 85018 86018 87018 88018 89018 90018 91018 92018 93018 94018 95018 
64019 65019 66019 67019 68019 69019 70019 71019 72019 73019 74019 75019 76019 77019 78019 79019 80019 81019 82019 83019 84019 85019 86019 87019 88019 89019 90019 91019 92019 93019 94019 95019 
64020 65020 66020 67020 68020 69020 70020 71020 72020 73020 74020 75020 76020 77020 78020 79020 80020 81020 82020 83020 84020 85020 86020 87020 88020 89020 90020 91020 92020 93020 94020 95020 
64021 65021 66021 67021 68021 69021 70021 71021 72021 73021 74021 75021 76021 77021 78021 79021 80021 81021 82021 83021 84021 85021 86021 87021 88021 89021 90021 91021 92021 93021 94021 95021 
64022 65022 66022 67022 68022 69022 70022 71022 72022 73022 74022 75022 76022 77022 78022 79022 80022 81022 82022 83022 84022 85022 86022 87022 88022 89022 90022 91022 92022 93022 94022 95022 
64023 65023 66023 67023 68023 69023 70023 71023 72023 73023 74023 75023 76023 77023 78023 79023 80023 81023 82023 83023 84023 85023 86023 87023 88023 89023 90023 91023 92023 93023 94023 95023 
64024 65024 66024 67024 68024 69024 70024 71024 72024 73024 74024 75024 76024 77024 78024 79024 80024 81024 82024 83024 84024 85024 86024 87024 88024 89024 90024 91024 92024 93024 94024 95024 
64025 65025 66025 67025 68025 69025 70025 71025 72025 73025 74025 75025 76025 77025 78025 79025 80025 81025 82025 83025 84025 85025 86025 87025 88025 89025 90025 91025 92025 93025 94025 95025 
64026 65026 66026 67026 68026 69026 70026 71026 72026 73026 74026 75026 76026 77026 78026 79026 80026 81026 82026 83026 84026 85026 86026 87026 88026 89026 90026 91026 92026 93026 94026 95026 
64027 65027 66027 67027 68027 69027 70027 71027 72027 73027 74027 75027 76027 77027 78027 79027 80027 81027 82027 83027 84027 85027 86027 87027 88027 89027 90027 91027 92027 93027 94027 95027 
64028 65028 66028 67028 68028 69028 70028 71028 72028 73028 74028 75028 76028 77028 78028 79028 80028 81028 82028 83028 84028 85028 86028 87028 88028 89028 90028 91028 92028 93028 94028 95028 
64029 65029 66029 67029 68029 69029 70029 71029 72029 73029 74029 75029 76029 77029 78029 79029 80029 81029 82029 83029 84029 85029 86029 87029 88029 89029 90029 91029 92029 93029 94029 95029 
64030 65030 66030 67030 68030 69030 70030 71030 72030 73030 74030 75030 76030 77030 78030 79030 80030 81030 82030 83030 84030 85030 86030 87030 88030 89030 90030 91030 92030 93030 94030 95030 
64031 65031 66031 67031 68031 69031 70031 71031 72031 73031 74031 75031 76031 77031 78031 79031 80031 81031 82031 83031 84031 85031 86031 87031 88031 89031 90031 91031 92031 93031 94031 95031 
64032 65032 66032 67032 68032 69032 70032 71032 72032 73032 74032 75032 76032 77032 78032 79032 80032 81032 82032 83032 84032 85032 86032 87032 88032 89032 90032 91032 92032 93032 94032 95032 
64033 65033 66033 67033 68033 69033 70033 71033 72033 73033 74033 75033 76033 77033 78033 79033 80033 81033 82033 83033 84033 85033 86033 87033 88033 89033 90033 91033 92033 93033 94033 95033 
64034 65034 66034 67034 68034 69034 70034 71034 72034 73034 74034 75034 76034 77034 78034 79034 80034 81034 82034 83034 84034 85034 86034 87034 88034 89034 90034 91034 92034 93034 94034 95034 
64035 65035 66035 67035 68035 69035 70035 71035 72035 73035 74035 75035 76035 77035 78035 79035 80035 81035 82035 83035 84035 85035 86035 87035 88035 89035 90035 91035 92035 93035 94035 95035 
64036 65036 66036 67036 68036 69036 70036 71036 72036 73036 74036 75036 76036 77036 78036 79036 80036 81036 82036 83036 84036 85036 86036 87036 88036 89036 90036 91036 92036 93036 94036 95036 
64037 65037 66037 67037 68037 69037 70037 71037 72037 73037 74037 75037 76037 77037 78037 79037 80037 81037 82037 83037 84037 85037 86037 87037 88037 89037 90037 91037 92037 93037 94037 95037 
64038 65038 66038 67038 68038 69038 70038 71038 72038 73038 74038 75038 76038 77038 78038 79038 80038 81038 82038 83038 84038 85038 86038 87038 88038 89038 90038 91038 92038 93038 94038 95038 
64039 65039 66039 67039 68039 69039 70039 71039 72039 73039 74039 75039 76039 77039 78039 79039 80039 81039 82039 83039 84039 85039 86039 87039 88039 89039 90039 91039 92039 93039 94039 95039 
64040 65040 66040 67040 68040 69040 70040 71040 72040 73040 74040 75040 76040 77040 78040 79040 80040 81040 82040 83040 84040 85040 86040 87040 88040 89040 90040 91040 92040 93040 94040 95040 
64041 65041 66041 67041 68041 69041 70041 71041 72041 73041 74041 75041 76041 77041 78041 79041 80041 81041 82041 83041 84041 85041 86041 87041 88041 89041 90041 91041 92041 93041 94041 95041 
64042 65042 66042 67042 68042 69042 70042 71042 72042 73042 74042 75042 76042 77042 78042 79042 80042 81042 82042 83042 84042 85042 86042 87042 88042 89042 90042 91042 92042 93042 94042 95042 
64043 65043 66043 67043 68043 69043 70043 71043 72043 73043 74043 75043 76043 77043 78043 79043 80043 81043 82043 83043 84043 85043 86043 87043 88043 89043 90043 91043 92043 93043 94043 95043 
64044 65044 66044 67044 68044 69044 70044 71044 72044 73044 74044 75044 76044 77044 78044 79044 80044 81044 82044 83044 84044 85044 86044 87044 88044 89044 90044 91044 92044 93044 94044 95044 
64045 65045 66045 67045 68045 69045 70045 71045 72045 73045 74045 75045 76045 77045 78045 79045 80045 81045 82045 83045 84045 85045 86045 87045 88045 89045 90045 91045 92045 93045 94045 95045 
64046 65046 66046 67046 68046 69046 70046 71046 72046 73046 74046 75046 76046 77046 78046 79046 80046 81046 82046 83046 84046 85046 86046 87046 88046 89046 90046 91046 92046 93046 94046 95046 
64047 65047 66047 67047 68047 69047 70047 71047 72047 73047 74047 75047 76047 77047 78047 79047 80047 81047 82047 83047 84047 85047 86047 87047 88047 89047 90047 91047 92047 93047 94047 95047 
64048 65048 66048 67048 68048 69048 70048 71048 72048 73048 74048 75048 76048 77048 78048 79048 80048 81048 82048 83048 84048 85048 86048 87048 88048 89048 90048 91048 92048 93048 94048 95048 
64049 65049 66049 67049 68049 69049 70049 71049 72049 73049 74049 75049 76049 77049 78049 79049 80049 81049 82049 83049 84049 85049 86049 87049 88049 89049 90049 91049 92049 93049 94049 95049 
64050 65050 66050 67050 68050 69050 70050 71050 72050 73050 74050 75050 76050 77050 78050 79050 80050 81050 82050 83050 84050 85050 86050 87050 88050 89050 90050 91050 92050 93050 94050 95050 
64051 65051 66051 67051 68051 69051 70051 71051 72051 73051 74051 75051 76051 77051 78051 79051 80051 81051 82051 83051 84051 85051 86051 87051 88051 89051 90051 91051 92051 93051 94051 95051 
64052 65052 66052 67052 68052 69052 70052 71052 72052 73052 74052 75052 76052 77052 78052 79052 80052 81052 82052 83052 84052 85052 86052 87052 88052 89052 90052 91052 92052 93052 94052 95052 
64053 65053 66053 67053 68053 69053 70053 71053 72053 73053 74053 75053 76053 77053 78053 79053 80053 81053 82053 83053 84053 85053 86053 87053 88053 89053 90053 91053 92053 93053 94053 95053 
64054 65054 66054 67054 68054 69054 70054 71054 72054 73054 74054 75054 76054 77054 78054 79054 80054 81054 82054 83054 84054 85054 86054 87054 88054 89054 90054 91054 92054 93054 94054 95054 
64055 65055 66055 67055 68055 69055 70055 71055 72055 73055 74055 75055 76055 77055 78055 79055 80055 81055 82055 83055 84055 85055 86055 87055 88055 89055 90055 91055 92055 93055 94055 95055 
64056 65056 66056 67056 68056 69056 70056 71056 72056 73056 74056 75056 76056 77056 78056 79056 80056 81056 82056 83056 84056 85056 86056 87056 88056 89056 90056 91056 92056 93056 94056 95056 
64057 65057 66057 67057 68057 69057 70057 71057 72057 73057 74057 75057 76057 77057 78057 79057 80057 81057 82057 83057 84057 85057 86057 87057 88057 89057 90057 91057 92057 93057 94057 95057 
64058 65058 66058 67058 68058 69058 70058 71058 72058 73058 74058 75058 76058 77058 78058 79058 80058 81058 82058 83058 84058 85058 86058 87058 88058 89058 90058 91058 92058 93058 94058 95058 
64059 65059 66059 67059 68059 69059 70059 71059 72059 73059 74059 75059 76059 77059 78059 79059 80059 81059 82059 83059 84059 85059 86059 87059 88059 89059 90059 91059 92059 93059 94059 95059 
64060 65060 66060 67060 68060 69060 70060 71060 72060 73060 74060 75060 76060 77060 78060 79060 80060 81060 82060 83060 84060 85060 86060 87060 88060 89060 90060 91060 92060 93060 94060 95060 
64061 65061 66061 67061 68061 69061 70061 71061 72061 73061 74061 75061 76061 77061 78061 79061 80061 81061 82061 83061 84061 85061 86061 87061 88061 89061 90061 91061 92061 93061 94061 95061 
64062 65062 66062 67062 68062 69062 70062 71062 72062 73062 74062 75062 76062 77062 78062 79062 80062 81062 82062 83062 84062 85062 86062 87062 88062 89062 90062 91062 92062 93062 94062 95062 
64063 65063 66063 67063 68063 69063 70063 71063 72063 73063 74063 75063 76063 77063 78063 79063 80063 81063 82063 83063 84063 85063 86063 87063 88063 89063 90063 91063 92063 93063 94063 95063 
64064 65064 66064 67064 68064 69064 70064 71064 72064 73064 74064 75064 76064 77064 78064 79064 80064 81064 82064 83064 84064 85064 86064 87064 88064 89064 90064 91064 92064 93064 94064 95064 
64065 65065 66065 67065 68065 69065 70065 71065 72065 73065 74065 75065 76065 77065 78065 79065 80065 81065 82065 83065 84065 85065 86065 87065 88065 89065 90065 91065 92065 93065 94065 95065 
64066 65066 66066 67066 68066 69066 70066 71066 72066 73066 74066 75066 76066 77066 78066 79066 80066 81066 82066 83066 84066 85066 86066 87066 88066 89066 90066 91066 92066 93066 94066 95066 
64067 65067 66067 67067 68067 69067 70067 71067 72067 73067 74067 75067 76067 77067 78067 79067 80067 81067 82067 83067 84067 85067 86067 87067 88067 89067 90067 91067 92067 93067 94067 95067 
64068 65068 66068 67068 68068 69068 70068 71068 72068 73068 74068 75068 76068 77068 78068 79068 80068 81068 82068 83068 84068 85068 86068 87068 88068 89068 90068 91068 92068 93068 94068 95068 
64069 65069 66069 67069 68069 69069 70069 71069 72069 73069 74069 75069 76069 77069 78069 79069 80069 81069 82069 83069 84069 85069 86069 87069 88069 89069 90069 91069 92069 93069 94069 95069 
64070 65070 66070 67070 68070 69070 70070 71070 72070 73070 74070 75070 76070 77070 78070 79070 80070 81070 82070 83070 84070 85070 86070 87070 88070 89070 90070 91070 92070 93070 94070 95070 
64071 65071 66071 67071 68071 69071 70071 71071 72071 73071 74071 75071 76071 77071 78071 79071 80071 81071 82071 83071 84071 85071 86071 87071 88071 89071 90071 91071 92071 93071 94071 95071 
64072 65072 66072 67072 68072 69072 70072 71072 72072 73072 74072 75072 76072 77072 78072 79072 80072 81072 82072 83072 84072 85072 86072 87072 88072 89072 90072 91072 92072 93072 94072 95072 
64073 65073 66073 67073 68073 69073 70073 71073 72073 73073 74073 75073 76073 77073 78073 79073 80073 81073 82073 83073 84073 85073 86073 87073 88073 89073 90073 91073 92073 93073 94073 95073 
64074 65074 66074 67074 68074 69074 70074 71074 72074 73074 74074 75074 76074 77074 78074 79074 80074 81074 82074 83074 84074 85074 86074 87074 88074 89074 90074 91074 92074 93074 94074 95074 
64075 65075 66075 67075 68075 69075 70075 71075 72075 73075 74075 75075 76075 77075 78075 79075 80075 81075 82075 83075 84075 85075 86075 87075 88075 89075 90075 91075 92075 93075 94075 95075 
64076 65076 66076 67076 68076 69076 70076 71076 72076 73076 74076 75076 76076 77076 78076 79076 80076 81076 82076 83076 84076 85076 86076 87076 88076 89076 90076 91076 92076 93076 94076 95076 
64077 65077 66077 67077 68077 69077 70077 71077 72077 73077 74077 75077 76077 77077 78077 79077 80077 81077 82077 83077 84077 85077 86077 87077 88077 89077 90077 91077 92077 93077 94077 95077 
64078 65078 66078 67078 68078 69078 70078 71078 72078 73078 74078 75078 76078 77078 78078 79078 80078 81078 82078 83078 84078 85078 86078 87078 88078 89078 90078 91078 92078 93078 94078 95078 
64079 65079 66079 67079 68079 69079 70079 71079 72079 73079 74079 75079 76079 77079 78079 79079 80079 81079 82079 83079 84079 85079 86079 87079 88079 89079 90079 91079 92079 93079 94079 95079 
64080 65080 66080 67080 68080 69080 70080 71080 72080 73080 74080 75080 76080 77080 78080 79080 80080 81080 82080 83080 84080 85080 86080 87080 88080 89080 90080 91080 92080 93080 94080 95080 
64081 65081 66081 67081 68081 69081 70081 71081 72081 73081 74081 75081 76081 77081 78081 79081 80081 81081 82081 83081 84081 85081 86081 87081 88081 89081 90081 91081 92081 93081 94081 95081 
64082 65082 66082 67082 68082 69082 70082 71082 72082 73082 74082 75082 76082 77082 78082 79082 80082 81082 82082 83082 84082 85082 86082 87082 88082 89082 90082 91082 92082 93082 94082 95082 
64083 65083 66083 67083 68083 69083 70083 71083 72083 73083 74083 75083 76083 77083 78083 79083 80083 81083 82083 83083 84083 85083 86083 87083 88083 89083 90083 91083 92083 93083 94083 95083 
64084 65084 66084 67084 68084 69084 70084 71084 72084 73084 74084 75084 76084 77084 78084 79084 80084 81084 82084 83084 84084 85084 86084 87084 88084 89084 90084 91084 92084 93084 94084 95084 
64085 65085 66085 67085 68085 69085 70085 71085 72085 73085 74085 75085 76085 77085 78085 79085 80085 81085 82085 83085 84085 85085 86085 87085 88085 89085 90085 91085 92085 93085 94085 95085 
64086 65086 66086 67086 68086 69086 70086 71086 72086 73086 74086 75086 76086 77086 78086 79086 80086 81086 82086 83086 84086 85086 86086 87086 88086 89086 90086 91086 92086 93086 94086 95086 
64087 65087 66087 67087 68087 69087 70087 71087 72087 73087 74087 75087 76087 77087 78087 79087 80087 81087 82087 83087 84087 85087 86087 87087 88087 89087 90087 91087 92087 93087 94087 95087 
64088 65088 66088 67088 68088 69088 70088 71088 72088 73088 74088 75088 76088 77088 78088 79088 80088 81088 82088 83088 84088 85088 86088 87088 88088 89088 90088 91088 92088 93088 94088 95088 
64089 65089 66089 67089 68089 69089 70089 71089 72089 73089 74089 75089 76089 77089 78089 79089 80089 81089 82089 83089 84089 85089 86089 87089 88089 89089 90089 91089 92089 93089 94089 95089 
64090 65090 66090 67090 68090 69090 70090 71090 72090 73090 74090 75090 76090 77090 78090 79090 80090 81090 82090 83090 84090 85090 86090 87090 88090 89090 90090 91090 92090 93090 94090 95090 
64091 65091 66091 67091 68091 69091 70091 71091 72091 73091 74091 75091 76091 77091 78091 79091 80091 81091 82091 83091 84091 85091 86091 87091 88091 89091 90091 91091 92091 93091 94091 95091 
64092 65092 66092 67092 68092 69092 70092 71092 72092 73092 74092 75092 76092 77092 78092 79092 80092 81092 82092 83092 84092 85092 86092 87092 88092 89092 90092 91092 92092 93092 94092 95092 
64093 65093 66093 67093 68093 69093 70093 71093 72093 73093 74093 75093 76093 77093 78093 79093 80093 81093 82093 83093 84093 85093 86093 87093 88093 89093 90093 91093 92093 93093 94093 95093 
64094 65094 66094 67094 68094 69094 70094 71094 72094 73094 74094 75094 76094 77094 78094 79094 80094 81094 82094 83094 84094 85094 86094 87094 88094 89094 90094 91094 92094 93094 94094 95094 
64095 65095 66095 67095 68095 69095 70095 71095 72095 73095 74095 75095 76095 77095 78095 79095 80095 81095 82095 83095 84095 85095 86095 87095 88095 89095 90095 91095 92095 93095 94095 95095 
64096 65096 66096 67096 68096 69096 70096 71096 72096 73096 74096 75096 76096 77096 78096 79096 80096 81096 82096 83096 84096 85096 86096 87096 88096 89096 90096 91096 92096 93096 94096 95096 
64097 65097 66097 67097 68097 69097 70097 71097 72097 73097 74097 75097 76097 77097 78097 79097 80097 81097 82097 83097 84097 85097 86097 87097 88097 89097 90097 91097 92097 93097 94097 95097 
64098 65098 66098 67098 68098 69098 70098 71098 72098 73098 74098 75098 76098 77098 78098 79098 80098 81098 82098 83098 84098 85098 86098 87098 88098 89098 90098 91098 92098 93098 94098 95098 
64099 65099 66099 67099 68099 69099 70099 71099 72099 73099 74099 75099 76099 77099 78099 79099 80099 81099 82099 83099 84099 85099 86099 87099 88099 89099 90099 91099 92099 93099 94099 95099 
64100 65100 66100 67100 68100 69100 70100 71100 72100 73100 74100 75100 76100 77100 78100 79100 80100 81100 82100 83100 84100 85100 86100 87100 88100 89100 90100 91100 92100 93100 94100 95100 
64101 65101 66101 67101 68101 69101 70101 71101 72101 73101 74101 75101 76101 77101 78101 79101 80101 81101 82101 83101 84101 85101 86101 87101 88101 89101 90101 91101 92101 93101 94101 95101 
64102 65102 66102 67102 68102 69102 70102 71102 72102 73102 74102 75102 76102 77102 78102 79102 80102 81102 82102 83102 84102 85102 86102 87102 88102 89102 90102 91102 92102 93102 94102 95102 
64103 65103 66103 67103 68103 69103 70103 71103 72103 73103 74103 75103 76103 77103 78103 79103 80103 81103 82103 83103 84103 85103 86103 87103 88103 89103 90103 91103 92103 93103 94103 95103 
64104 65104 66104 67104 68104 69104 70104 71104 72104 73104 74104 75104 76104 77104 78104 79104 80104 81104 82104 83104 84104 85104 86104 87104 88104 89104 90104 91104 92104 93104 94104 95104 
64105 65105 66105 67105 68105 69105 70105 71105 72105 73105 74105 75105 76105 77105 78105 79105 80105 81105 82105 83105 84105 85105 86105 87105 88105 89105 90105 91105 92105 93105 94105 95105 
64106 65106 66106 67106 68106 69106 70106 71106 72106 73106 74106 75106 76106 77106 78106 79106 80106 81106 82106 83106 84106 85106 86106 87106 88106 89106 90106 91106 92106 93106 94106 95106 
64107 65107 66107 67107 68107 69107 70107 71107 72107 73107 74107 75107 76107 77107 78107 79107 80107 81107 82107 83107 84107 85107 86107 87107 88107 89107 90107 91107 92107 93107 94107 95107 
64108 65108 66108 67108 68108 69108 70108 71108 72108 73108 74108 75108 76108 77108 78108 79108 80108 81108 82108 83108 84108 85108 86108 87108 88108 89108 90108 91108 92108 93108 94108 95108 
64109 65109 66109 67109 68109 69109 70109 71109 72109 73109 74109 75109 76109 77109 78109 79109 80109 81109 82109 83109 84109 85109 86109 87109 88109 89109 90109 91109 92109 93109 94109 95109 
64110 65110 66110 67110 68110 69110 70110 71110 72110 73110 74110 75110 76110 77110 78110 79110 80110 81110 82110 83110 84110 85110 86110 87110 88110 89110 90110 91110 92110 93110 94110 95110 
64111 65111 66111 67111 68111 69111 70111 71111 72111 73111 74111 75111 76111 77111 78111 79111 80111 81111 82111 83111 84111 85111 86111 87111 88111 89111 90111 91111 92111 93111 94111 95111 
64112 65112 66112 67112 68112 69112 70112 71112 72112 73112 74112 75112 76112 77112 78112 79112 80112 81112 82112 83112 84112 85112 86112 87112 88112 89112 90112 91112 92112 93112 94112 95112 
64113 65113 66113 67113 68113 69113 70113 71113 72113 73113 74113 75113 76113 77113 78113 79113 80113 81113 82113 83113 84113 85113 86113 87113 88113 89113 90113 91113 92113 93113 94113 95113 
64114 65114 66114 67114 68114 69114 70114 71114 72114 73114 74114 75114 76114 77114 78114 79114 80114 81114 82114 83114 84114 85114 86114 87114 88114 89114 90114 91114 92114 93114 94114 95114 
64115 65115 66115 67115 68115 69115 70115 71115 72115 73115 74115 75115 76115 77115 78115 79115 80115 81115 82115 83115 84115 85115 86115 87115 88115 89115 90115 91115 92115 93115 94115 95115 
64116 65116 66116 67116 68116 69116 70116 71116 72116 73116 74116 75116 76116 77116 78116 79116 80116 81116 82116 83116 84116 85116 86116 87116 88116 89116 90116 91116 92116 93116 94116 95116 
64117 65117 66117 67117 68117 69117 70117 71117 72117 73117 74117 75117 76117 77117 78117 79117 80117 81117 82117 83117 84117 85117 86117 87117 88117 89117 90117 91117 92117 93117 94117 95117 
64118 65118 66118 67118 68118 69118 70118 71118 72118 73118 74118 75118 76118 77118 78118 79118 80118 81118 82118 83118 84118 85118 86118 87118 88118 89118 90118 91118 92118 93118 94118 95118 
64119 65119 66119 67119 68119 69119 70119 71119 72119 73119 74119 75119 76119 77119 78119 79119 80119 81119 82119 83119 84119 85119 86119 87119 88119 89119 90119 91119 92119 93119 94119 95119 
64120 65120 66120 67120 68120 69120 70120 71120 72120 73120 74120 75120 76120 77120 78120 79120 80120 81120 82120 83120 84120 85120 86120 87120 88120 89120 90120 91120 92120 93120 94120 95120 
64121 65121 66121 67121 68121 69121 70121 71121 72121 73121 74121 75121 76121 77121 78121 79121 80121 81121 82121 83121 84121 85121 86121 87121 88121 89121 90121 91121 92121 93121 94121 95121 
64122 65122 66122 67122 68122 69122 70122 71122 72122 73122 74122 75122 76122 77122 78122 79122 80122 81122 82122 83122 84122 85122 86122 87122 88122 89122 90122 91122 92122 93122 94122 95122 
64123 65123 66123 67123 68123 69123 70123 71123 72123 73123 74123 75123 76123 77123 78123 79123 80123 81123 82123 83123 84123 85123 86123 87123 88123 89123 90123 91123 92123 93123 94123 95123 
64124 65124 66124 67124 68124 69124 70124 71124 72124 73124 74124 75124 76124 77124 78124 79124 80124 81124 82124 83124 84124 85124 86124 87124 88124 89124 90124 91124 92124 93124 94124 95124 
64125 65125 66125 67125 68125 69125 70125 71125 72125 73125 74125 75125 76125 77125 78125 79125 80125 81125 82125 83125 84125 85125 86125 87125 88125 89125 90125 91125 92125 93125 94125 95125 
64126 65126 66126 67126 68126 69126 70126 71126 72126 73126 74126 75126 76126 77126 78126 79126 80126 81126 82126 83126 84126 85126 86126 87126 88126 89126 90126 91126 92126 93126 94126 95126 
64127 65127 66127 67127 68127 69127 70127 71127 72127 73127 74127 75127 76127 77127 78127 79127 80127 81127 82127 83127 84127 85127 86127 87127 88127 89127 90127 91127 92127 93127 94127 95127 
