32000 33000 34000 35000 36000 37000 38000 39000 40000 41000 42000 43000 44000 45000 46000 47000 48000 49000 50000 51000 52000 53000 54000 55000 56000 57000 58000 59000 60000 61000 62000 63000 
32001 33001 34001 35001 36001 37001 38001 39001 40001 41001 42001 43001 44001 45001 46001 47001 48001 49001 50001 51001 52001 53001 54001 55001 56001 57001 58001 59001 60001 61001 62001 63001 
32002 33002 34002 35002 36002 37002 38002 39002 40002 41002 42002 43002 44002 45002 46002 47002 48002 49002 50002 51002 52002 53002 54002 55002 56002 57002 58002 59002 60002 61002 62002 63002 
32003 33003 34003 35003 36003 37003 38003 39003 40003 41003 42003 43003 44003 45003 46003 47003 48003 49003 50003 51003 52003 53003 54003 55003 56003 57003 58003 59003 60003 61003 62003 63003 
32004 33004 34004 35004 36004 37004 38004 39004 40004 41004 42004 43004 44004 45004 46004 47004 48004 49004 50004 51004 52004 53004 54004 55004 56004 57004 58004 59004 60004 61004 62004 63004 
32005 33005 34005 35005 36005 37005 38005 39005 40005 41005 42005 43005 44005 45005 46005 47005 48005 49005 50005 51005 52005 53005 54005 55005 56005 57005 58005 59005 60005 61005 62005 63005 
32006 33006 34006 35006 36006 37006 38006 39006 40006 41006 42006 43006 44006 45006 46006 47006 48006 49006 50006 51006 52006 53006 54006 55006 56006 57006 58006 59006 60006 61006 62006 63006 
32007 33007 34007 35007 36007 37007 38007 39007 40007 41007 42007 43007 44007 45007 46007 47007 48007 49007 50007 51007 52007 53007 54007 55007 56007 57007 58007 59007 60007 61007 62007 63007 
32008 33008 34008 35008 36008 37008 38008 39008 40008 41008 42008 43008 44008 45008 46008 47008 48008 49008 50008 51008 52008 53008 54008 55008 56008 57008 58008 59008 60008 61008 62008 63008 
32009 33009 34009 35009 36009 37009 38009 39009 40009 41009 42009 43009 44009 45009 46009 47009 48009 49009 50009 51009 52009 53009 54009 55009 56009 57009 58009 59009 60009 61009 62009 63009 
32010 33010 34010 35010 36010 37010 38010 39010 40010 41010 42010 43010 44010 45010 46010 47010 48010 49010 50010 51010 52010 53010 54010 55010 56010 57010 58010 59010 60010 61010 62010 63010 
32011 33011 34011 35011 36011 37011 38011 39011 40011 41011 42011 43011 44011 45011 46011 47011 48011 49011 50011 51011 52011 53011 54011 55011 56011 57011 58011 59011 60011 61011 62011 63011 
32012 33012 34012 35012 36012 37012 38012 39012 40012 41012 42012 43012 44012 45012 46012 47012 48012 49012 50012 51012 52012 53012 54012 55012 56012 57012 58012 59012 60012 61012 62012 63012 
32013 33013 34013 35013 36013 37013 38013 39013 40013 41013 42013 43013 44013 45013 46013 47013 48013 49013 50013 51013 52013 53013 54013 55013 56013 57013 58013 59013 60013 61013 62013 63013 
32014 33014 34014 35014 36014 37014 38014 39014 40014 41014 42014 43014 44014 45014 46014 47014 48014 49014 50014 51014 52014 53014 54014 55014 56014 57014 58014 59014 60014 61014 62014 63014 
32015 33015 34015 35015 36015 37015 38015 39015 40015 41015 42015 43015 44015 45015 46015 47015 48015 49015 50015 51015 52015 53015 54015 55015 56015 57015 58015 59015 60015 61015 62015 63015 
32016 33016 34016 35016 36016 37016 38016 39016 40016 41016 42016 43016 44016 45016 46016 47016 48016 49016 50016 51016 52016 53016 54016 55016 56016 57016 58016 59016 60016 61016 62016 63016 
32017 33017 34017 35017 36017 37017 38017 39017 40017 41017 42017 43017 44017 45017 46017 47017 48017 49017 50017 51017 52017 53017 54017 55017 56017 57017 58017 59017 60017 61017 62017 63017 
32018 33018 34018 35018 36018 37018 38018 39018 40018 41018 42018 43018 44018 45018 46018 47018 48018 49018 50018 51018 52018 53018 54018 55018 56018 57018 58018 59018 60018 61018 62018 63018 
32019 33019 34019 35019 36019 37019 38019 39019 40019 41019 42019 43019 44019 45019 46019 47019 48019 49019 50019 51019 52019 53019 54019 55019 56019 57019 58019 59019 60019 61019 62019 63019 
32020 33020 34020 35020 36020 37020 38020 39020 40020 41020 42020 43020 44020 45020 46020 47020 48020 49020 50020 51020 52020 53020 54020 55020 56020 57020 58020 59020 60020 61020 62020 63020 
32021 33021 34021 35021 36021 37021 38021 39021 40021 41021 42021 43021 44021 45021 46021 47021 48021 49021 50021 51021 52021 53021 54021 55021 56021 57021 58021 59021 60021 61021 62021 63021 
32022 33022 34022 35022 36022 37022 38022 39022 40022 41022 42022 43022 44022 45022 46022 47022 48022 49022 50022 51022 52022 53022 54022 55022 56022 57022 58022 59022 60022 61022 62022 63022 
32023 33023 34023 35023 36023 37023 38023 39023 40023 41023 42023 43023 44023 45023 46023 47023 48023 49023 50023 51023 52023 53023 54023 55023 56023 57023 58023 59023 60023 61023 62023 63023 
32024 33024 34024 35024 36024 37024 38024 39024 40024 41024 42024 43024 44024 45024 46024 47024 48024 49024 50024 51024 52024 53024 54024 55024 56024 57024 58024 59024 60024 61024 62024 63024 
32025 33025 34025 35025 36025 37025 38025 39025 40025 41025 42025 43025 44025 45025 46025 47025 48025 49025 50025 51025 52025 53025 54025 55025 56025 57025 58025 59025 60025 61025 62025 63025 
32026 33026 34026 35026 36026 37026 38026 39026 40026 41026 42026 43026 44026 45026 46026 47026 48026 49026 50026 51026 52026 53026 54026 55026 56026 57026 58026 59026 60026 61026 62026 63026 
32027 33027 34027 35027 36027 37027 38027 39027 40027 41027 42027 43027 44027 45027 46027 47027 48027 49027 50027 51027 52027 53027 54027 55027 56027 57027 58027 59027 60027 61027 62027 63027 
32028 33028 34028 35028 36028 37028 38028 39028 40028 41028 42028 43028 44028 45028 46028 47028 48028 49028 50028 51028 52028 53028 54028 55028 56028 57028 58028 59028 60028 61028 62028 63028 
32029 33029 34029 35029 36029 37029 38029 39029 40029 41029 42029 43029 44029 45029 46029 47029 48029 49029 50029 51029 52029 53029 54029 55029 56029 57029 58029 59029 60029 61029 62029 63029 
32030 33030 34030 35030 36030 37030 38030 39030 40030 41030 42030 43030 44030 45030 46030 47030 48030 49030 50030 51030 52030 53030 54030 55030 56030 57030 58030 59030 60030 61030 62030 63030 
32031 33031 34031 35031 36031 37031 38031 39031 40031 41031 42031 43031 44031 45031 46031 47031 48031 49031 50031 51031 52031 53031 54031 55031 56031 57031 58031 59031 60031 61031 62031 63031 
32032 33032 34032 35032 36032 37032 38032 39032 40032 41032 42032 43032 44032 45032 46032 47032 48032 49032 50032 51032 52032 53032 54032 55032 56032 57032 58032 59032 60032 61032 62032 63032 
32033 33033 34033 35033 36033 37033 38033 39033 40033 41033 42033 43033 44033 45033 46033 47033 48033 49033 50033 51033 52033 53033 54033 55033 56033 57033 58033 59033 60033 61033 62033 63033 
32034 33034 34034 35034 36034 37034 38034 39034 40034 41034 42034 43034 44034 45034 46034 47034 48034 49034 50034 51034 52034 53034 54034 55034 56034 57034 58034 59034 60034 61034 62034 63034 
32035 33035 34035 35035 36035 37035 38035 39035 40035 41035 42035 43035 44035 45035 46035 47035 48035 49035 50035 51035 52035 53035 54035 55035 56035 57035 58035 59035 60035 61035 62035 63035 
32036 33036 34036 35036 36036 37036 38036 39036 40036 41036 42036 43036 44036 45036 46036 47036 48036 49036 50036 51036 52036 53036 54036 55036 56036 57036 58036 59036 60036 61036 62036 63036 
32037 33037 34037 35037 36037 37037 38037 39037 40037 41037 42037 43037 44037 45037 46037 47037 48037 49037 50037 51037 52037 53037 54037 55037 56037 57037 58037 59037 60037 61037 62037 63037 
32038 33038 34038 35038 36038 37038 38038 39038 40038 41038 42038 43038 44038 45038 46038 47038 48038 49038 50038 51038 52038 53038 54038 55038 56038 57038 58038 59038 60038 61038 62038 63038 
32039 33039 34039 35039 36039 37039 38039 39039 40039 41039 42039 43039 44039 45039 46039 47039 48039 49039 50039 51039 52039 53039 54039 55039 56039 57039 58039 59039 60039 61039 62039 63039 
32040 33040 34040 35040 36040 37040 38040 39040 40040 41040 42040 43040 44040 45040 46040 47040 48040 49040 50040 51040 52040 53040 54040 55040 56040 57040 58040 59040 60040 61040 62040 63040 
32041 33041 34041 35041 36041 37041 38041 39041 40041 41041 42041 43041 44041 45041 46041 47041 48041 49041 50041 51041 52041 53041 54041 55041 56041 57041 58041 59041 60041 61041 62041 63041 
32042 33042 34042 35042 36042 37042 38042 39042 40042 41042 42042 43042 44042 45042 46042 47042 48042 49042 50042 51042 52042 53042 54042 55042 56042 57042 58042 59042 60042 61042 62042 63042 
32043 33043 34043 35043 36043 37043 38043 39043 40043 41043 42043 43043 44043 45043 46043 47043 48043 49043 50043 51043 52043 53043 54043 55043 56043 57043 58043 59043 60043 61043 62043 63043 
32044 33044 34044 35044 36044 37044 38044 39044 40044 41044 42044 43044 44044 45044 46044 47044 48044 49044 50044 51044 52044 53044 54044 55044 56044 57044 58044 59044 60044 61044 62044 63044 
32045 33045 34045 35045 36045 37045 38045 39045 40045 41045 42045 43045 44045 45045 46045 47045 48045 49045 50045 51045 52045 53045 54045 55045 56045 57045 58045 59045 60045 61045 62045 63045 
32046 33046 34046 35046 36046 37046 38046 39046 40046 41046 42046 43046 44046 45046 46046 47046 48046 49046 50046 51046 52046 53046 54046 55046 56046 57046 58046 59046 60046 61046 62046 63046 
32047 33047 34047 35047 36047 37047 38047 39047 40047 41047 42047 43047 44047 45047 46047 47047 48047 49047 50047 51047 52047 53047 54047 55047 56047 57047 58047 59047 60047 61047 62047 63047 
32048 33048 34048 35048 36048 37048 38048 39048 40048 41048 42048 43048 44048 45048 46048 47048 48048 49048 50048 51048 52048 53048 54048 55048 56048 57048 58048 59048 60048 61048 62048 63048 
32049 33049 34049 35049 36049 37049 38049 39049 40049 41049 42049 43049 44049 45049 46049 47049 48049 49049 50049 51049 52049 53049 54049 55049 56049 57049 58049 59049 60049 61049 62049 63049 
32050 33050 34050 35050 36050 37050 38050 39050 40050 41050 42050 43050 44050 45050 46050 47050 48050 49050 50050 51050 52050 53050 54050 55050 56050 57050 58050 59050 60050 61050 62050 63050 
32051 33051 34051 35051 36051 37051 38051 39051 40051 41051 42051 43051 44051 45051 46051 47051 48051 49051 50051 51051 52051 53051 54051 55051 56051 57051 58051 59051 60051 61051 62051 63051 
32052 33052 34052 35052 36052 37052 38052 39052 40052 41052 42052 43052 44052 45052 46052 47052 48052 49052 50052 51052 52052 53052 54052 55052 56052 57052 58052 59052 60052 61052 62052 63052 
32053 33053 34053 35053 36053 37053 38053 39053 40053 41053 42053 43053 44053 45053 46053 47053 48053 49053 50053 51053 52053 53053 54053 55053 56053 57053 58053 59053 60053 61053 62053 63053 
32054 33054 34054 35054 36054 37054 38054 39054 40054 41054 42054 43054 44054 45054 46054 47054 48054 49054 50054 51054 52054 53054 54054 55054 56054 57054 58054 59054 60054 61054 62054 63054 
32055 33055 34055 35055 36055 37055 38055 39055 40055 41055 42055 43055 44055 45055 46055 47055 48055 49055 50055 51055 52055 53055 54055 55055 56055 57055 58055 59055 60055 61055 62055 63055 
32056 33056 34056 35056 36056 37056 38056 39056 40056 41056 42056 43056 44056 45056 46056 47056 48056 49056 50056 51056 52056 53056 54056 55056 56056 57056 58056 59056 60056 61056 62056 63056 
32057 33057 34057 35057 36057 37057 38057 39057 40057 41057 42057 43057 44057 45057 46057 47057 48057 49057 50057 51057 52057 53057 54057 55057 56057 57057 58057 59057 60057 61057 62057 63057 
32058 33058 34058 35058 36058 37058 38058 39058 40058 41058 42058 43058 44058 45058 46058 47058 48058 49058 50058 51058 52058 53058 54058 55058 56058 57058 58058 59058 60058 61058 62058 63058 
32059 33059 34059 35059 36059 37059 38059 39059 40059 41059 42059 43059 44059 45059 46059 47059 48059 49059 50059 51059 52059 53059 54059 55059 56059 57059 58059 59059 60059 61059 62059 63059 
32060 33060 34060 35060 36060 37060 38060 39060 40060 41060 42060 43060 44060 45060 46060 47060 48060 49060 50060 51060 52060 53060 54060 55060 56060 57060 58060 59060 60060 61060 62060 63060 
32061 33061 34061 35061 36061 37061 38061 39061 40061 41061 42061 43061 44061 45061 46061 47061 48061 49061 50061 51061 52061 53061 54061 55061 56061 57061 58061 59061 60061 61061 62061 63061 
32062 33062 34062 35062 36062 37062 38062 39062 40062 41062 42062 43062 44062 45062 46062 47062 48062 49062 50062 51062 52062 53062 54062 55062 56062 57062 58062 59062 60062 61062 62062 63062 
32063 33063 34063 35063 36063 37063 38063 39063 40063 41063 42063 43063 44063 45063 46063 47063 48063 49063 50063 51063 52063 53063 54063 55063 56063 57063 58063 59063 60063 61063 62063 63063 
32064 33064 34064 35064 36064 37064 38064 39064 40064 41064 42064 43064 44064 45064 46064 47064 48064 49064 50064 51064 52064 53064 54064 55064 56064 57064 58064 59064 60064 61064 62064 63064 
32065 33065 34065 35065 36065 37065 38065 39065 40065 41065 42065 43065 44065 45065 46065 47065 48065 49065 50065 51065 52065 53065 54065 55065 56065 57065 58065 59065 60065 61065 62065 63065 
32066 33066 34066 35066 36066 37066 38066 39066 40066 41066 42066 43066 44066 45066 46066 47066 48066 49066 50066 51066 52066 53066 54066 55066 56066 57066 58066 59066 60066 61066 62066 63066 
32067 33067 34067 35067 36067 37067 38067 39067 40067 41067 42067 43067 44067 45067 46067 47067 48067 49067 50067 51067 52067 53067 54067 55067 56067 57067 58067 59067 60067 61067 62067 63067 
32068 33068 34068 35068 36068 37068 38068 39068 40068 41068 42068 43068 44068 45068 46068 47068 48068 49068 50068 51068 52068 53068 54068 55068 56068 57068 58068 59068 60068 61068 62068 63068 
32069 33069 34069 35069 36069 37069 38069 39069 40069 41069 42069 43069 44069 45069 46069 47069 48069 49069 50069 51069 52069 53069 54069 55069 56069 57069 58069 59069 60069 61069 62069 63069 
32070 33070 34070 35070 36070 37070 38070 39070 40070 41070 42070 43070 44070 45070 46070 47070 48070 49070 50070 51070 52070 53070 54070 55070 56070 57070 58070 59070 60070 61070 62070 63070 
32071 33071 34071 35071 36071 37071 38071 39071 40071 41071 42071 43071 44071 45071 46071 47071 48071 49071 50071 51071 52071 53071 54071 55071 56071 57071 58071 59071 60071 61071 62071 63071 
32072 33072 34072 35072 36072 37072 38072 39072 40072 41072 42072 43072 44072 45072 46072 47072 48072 49072 50072 51072 52072 53072 54072 55072 56072 57072 58072 59072 60072 61072 62072 63072 
32073 33073 34073 35073 36073 37073 38073 39073 40073 41073 42073 43073 44073 45073 46073 47073 48073 49073 50073 51073 52073 53073 54073 55073 56073 57073 58073 59073 60073 61073 62073 63073 
32074 33074 34074 35074 36074 37074 38074 39074 40074 41074 42074 43074 44074 45074 46074 47074 48074 49074 50074 51074 52074 53074 54074 55074 56074 57074 58074 59074 60074 61074 62074 63074 
32075 33075 34075 35075 36075 37075 38075 39075 40075 41075 42075 43075 44075 45075 46075 47075 48075 49075 50075 51075 52075 53075 54075 55075 56075 57075 58075 59075 60075 61075 62075 63075 
32076 33076 34076 35076 36076 37076 38076 39076 40076 41076 42076 43076 44076 45076 46076 47076 48076 49076 50076 51076 52076 53076 54076 55076 56076 57076 58076 59076 60076 61076 62076 63076 
32077 33077 34077 35077 36077 37077 38077 39077 40077 41077 42077 43077 44077 45077 46077 47077 48077 49077 50077 51077 52077 53077 54077 55077 56077 57077 58077 59077 60077 61077 62077 63077 
32078 33078 34078 35078 36078 37078 38078 39078 40078 41078 42078 43078 44078 45078 46078 47078 48078 49078 50078 51078 52078 53078 54078 55078 56078 57078 58078 59078 60078 61078 62078 63078 
32079 33079 34079 35079 36079 37079 38079 39079 40079 41079 42079 43079 44079 45079 46079 47079 48079 49079 50079 51079 52079 53079 54079 55079 56079 57079 58079 59079 60079 61079 62079 63079 
32080 33080 34080 35080 36080 37080 38080 39080 40080 41080 42080 43080 44080 45080 46080 47080 48080 49080 50080 51080 52080 53080 54080 55080 56080 57080 58080 59080 60080 61080 62080 63080 
32081 33081 34081 35081 36081 37081 38081 39081 40081 41081 42081 43081 44081 45081 46081 47081 48081 49081 50081 51081 52081 53081 54081 55081 56081 57081 58081 59081 60081 61081 62081 63081 
32082 33082 34082 35082 36082 37082 38082 39082 40082 41082 42082 43082 44082 45082 46082 47082 48082 49082 50082 51082 52082 53082 54082 55082 56082 57082 58082 59082 60082 61082 62082 63082 
32083 33083 34083 35083 36083 37083 38083 39083 40083 41083 42083 43083 44083 45083 46083 47083 48083 49083 50083 51083 52083 53083 54083 55083 56083 57083 58083 59083 60083 61083 62083 63083 
32084 33084 34084 35084 36084 37084 38084 39084 40084 41084 42084 43084 44084 45084 46084 47084 48084 49084 50084 51084 52084 53084 54084 55084 56084 57084 58084 59084 60084 61084 62084 63084 
32085 33085 34085 35085 36085 37085 38085 39085 40085 41085 42085 43085 44085 45085 46085 47085 48085 49085 50085 51085 52085 53085 54085 55085 56085 57085 58085 59085 60085 61085 62085 63085 
32086 33086 34086 35086 36086 37086 38086 39086 40086 41086 42086 43086 44086 45086 46086 47086 48086 49086 50086 51086 52086 53086 54086 55086 56086 57086 58086 59086 60086 61086 62086 63086 
32087 33087 34087 35087 36087 37087 38087 39087 40087 41087 42087 43087 44087 45087 46087 47087 48087 49087 50087 51087 52087 53087 54087 55087 56087 57087 58087 59087 60087 61087 62087 63087 
32088 33088 34088 35088 36088 37088 38088 39088 40088 41088 42088 43088 44088 45088 46088 47088 48088 49088 50088 51088 52088 53088 54088 55088 56088 57088 58088 59088 60088 61088 62088 63088 
32089 33089 34089 35089 36089 37089 38089 39089 40089 41089 42089 43089 44089 45089 46089 47089 48089 49089 50089 51089 52089 53089 54089 55089 56089 57089 58089 59089 60089 61089 62089 63089 
32090 33090 34090 35090 36090 37090 38090 39090 40090 41090 42090 43090 44090 45090 46090 47090 48090 49090 50090 51090 52090 53090 54090 55090 56090 57090 58090 59090 60090 61090 62090 63090 
32091 33091 34091 35091 36091 37091 38091 39091 40091 41091 42091 43091 44091 45091 46091 47091 48091 49091 50091 51091 52091 53091 54091 55091 56091 57091 58091 59091 60091 61091 62091 63091 
32092 33092 34092 35092 36092 37092 38092 39092 40092 41092 42092 43092 44092 45092 46092 47092 48092 49092 50092 51092 52092 53092 54092 55092 56092 57092 58092 59092 60092 61092 62092 63092 
32093 33093 34093 35093 36093 37093 38093 39093 40093 41093 42093 43093 44093 45093 46093 47093 48093 49093 50093 51093 52093 53093 54093 55093 56093 57093 58093 59093 60093 61093 62093 63093 
32094 33094 34094 35094 36094 37094 38094 39094 40094 41094 42094 43094 44094 45094 46094 47094 48094 49094 50094 51094 52094 53094 54094 55094 56094 57094 58094 59094 60094 61094 62094 63094 
32095 33095 34095 35095 36095 37095 38095 39095 40095 41095 42095 43095 44095 45095 46095 47095 48095 49095 50095 51095 52095 53095 54095 55095 56095 57095 58095 59095 60095 61095 62095 63095 
32096 33096 34096 35096 36096 37096 38096 39096 40096 41096 42096 43096 44096 45096 46096 47096 48096 49096 50096 51096 52096 53096 54096 55096 56096 57096 58096 59096 60096 61096 62096 63096 
32097 33097 34097 35097 36097 37097 38097 39097 40097 41097 42097 43097 44097 45097 46097 47097 48097 49097 50097 51097 52097 53097 54097 55097 56097 57097 58097 59097 60097 61097 62097 63097 
32098 33098 34098 35098 36098 37098 38098 39098 40098 41098 42098 43098 44098 45098 46098 47098 48098 49098 50098 51098 52098 53098 54098 55098 56098 57098 58098 59098 60098 61098 62098 63098 
32099 33099 34099 35099 36099 37099 38099 39099 40099 41099 42099 43099 44099 45099 46099 47099 48099 49099 50099 51099 52099 53099 54099 55099 56099 57099 58099 59099 60099 61099 62099 63099 
32100 33100 34100 35100 36100 37100 38100 39100 40100 41100 42100 43100 44100 45100 46100 47100 48100 49100 50100 51100 52100 53100 54100 55100 56100 57100 58100 59100 60100 61100 62100 63100 
32101 33101 34101 35101 36101 37101 38101 39101 40101 41101 42101 43101 44101 45101 46101 47101 48101 49101 50101 51101 52101 53101 54101 55101 56101 57101 58101 59101 60101 61101 62101 63101 
32102 33102 34102 35102 36102 37102 38102 39102 40102 41102 42102 43102 44102 45102 46102 47102 48102 49102 50102 51102 52102 53102 54102 55102 56102 57102 58102 59102 60102 61102 62102 63102 
32103 33103 34103 35103 36103 37103 38103 39103 40103 41103 42103 43103 44103 45103 46103 47103 48103 49103 50103 51103 52103 53103 54103 55103 56103 57103 58103 59103 60103 61103 62103 63103 
32104 33104 34104 35104 36104 37104 38104 39104 40104 41104 42104 43104 44104 45104 46104 47104 48104 49104 50104 51104 52104 53104 54104 55104 56104 57104 58104 59104 60104 61104 62104 63104 
32105 33105 34105 35105 36105 37105 38105 39105 40105 41105 42105 43105 44105 45105 46105 47105 48105 49105 50105 51105 52105 53105 54105 55105 56105 57105 58105 59105 60105 61105 62105 63105 
32106 33106 34106 35106 36106 37106 38106 39106 40106 41106 42106 43106 44106 45106 46106 47106 48106 49106 50106 51106 52106 53106 54106 55106 56106 57106 58106 59106 60106 61106 62106 63106 
32107 33107 34107 35107 36107 37107 38107 39107 40107 41107 42107 43107 44107 45107 46107 47107 48107 49107 50107 51107 52107 53107 54107 55107 56107 57107 58107 59107 60107 61107 62107 63107 
32108 33108 34108 35108 36108 37108 38108 39108 40108 41108 42108 43108 44108 45108 46108 47108 48108 49108 50108 51108 52108 53108 54108 55108 56108 57108 58108 59108 60108 61108 62108 63108 
32109 33109 34109 35109 36109 37109 38109 39109 40109 41109 42109 43109 44109 45109 46109 47109 48109 49109 50109 51109 52109 53109 54109 55109 56109 57109 58109 59109 60109 61109 62109 63109 
32110 33110 34110 35110 36110 37110 38110 39110 40110 41110 42110 43110 44110 45110 46110 47110 48110 49110 50110 51110 52110 53110 54110 55110 56110 57110 58110 59110 60110 61110 62110 63110 
32111 33111 34111 35111 36111 37111 38111 39111 40111 41111 42111 43111 44111 45111 46111 47111 48111 49111 50111 51111 52111 53111 54111 55111 56111 57111 58111 59111 60111 61111 62111 63111 
32112 33112 34112 35112 36112 37112 38112 39112 40112 41112 42112 43112 44112 45112 46112 47112 48112 49112 50112 51112 52112 53112 54112 55112 56112 57112 58112 59112 60112 61112 62112 63112 
32113 33113 34113 35113 36113 37113 38113 39113 40113 41113 42113 43113 44113 45113 46113 47113 48113 49113 50113 51113 52113 53113 54113 55113 56113 57113 58113 59113 60113 61113 62113 63113 
32114 33114 34114 35114 36114 37114 38114 39114 40114 41114 42114 43114 44114 45114 46114 47114 48114 49114 50114 51114 52114 53114 54114 55114 56114 57114 58114 59114 60114 61114 62114 63114 
32115 33115 34115 35115 36115 37115 38115 39115 40115 41115 42115 43115 44115 45115 46115 47115 48115 49115 50115 51115 52115 53115 54115 55115 56115 57115 58115 59115 60115 61115 62115 63115 
32116 33116 34116 35116 36116 37116 38116 39116 40116 41116 42116 43116 44116 45116 46116 47116 48116 49116 50116 51116 52116 53116 54116 55116 56116 57116 58116 59116 60116 61116 62116 63116 
32117 33117 34117 35117 36117 37117 38117 39117 40117 41117 42117 43117 44117 45117 46117 47117 48117 49117 50117 51117 52117 53117 54117 55117 56117 57117 58117 59117 60117 61117 62117 63117 
32118 33118 34118 35118 36118 37118 38118 39118 40118 41118 42118 43118 44118 45118 46118 47118 48118 49118 50118 51118 52118 53118 54118 55118 56118 57118 58118 59118 60118 61118 62118 63118 
32119 33119 34119 35119 36119 37119 38119 39119 40119 41119 42119 43119 44119 45119 46119 47119 48119 49119 50119 51119 52119 53119 54119 55119 56119 57119 58119 59119 60119 61119 62119 63119 
32120 33120 34120 35120 36120 37120 38120 39120 40120 41120 42120 43120 44120 45120 46120 47120 48120 49120 50120 51120 52120 53120 54120 55120 56120 57120 58120 59120 60120 61120 62120 63120 
32121 33121 34121 35121 36121 37121 38121 39121 40121 41121 42121 43121 44121 45121 46121 47121 48121 49121 50121 51121 52121 53121 54121 55121 56121 57121 58121 59121 60121 61121 62121 63121 
32122 33122 34122 35122 36122 37122 38122 39122 40122 41122 42122 43122 44122 45122 46122 47122 48122 49122 50122 51122 52122 53122 54122 55122 56122 57122 58122 59122 60122 61122 62122 63122 
32123 33123 34123 35123 36123 37123 38123 39123 40123 41123 42123 43123 44123 45123 46123 47123 48123 49123 50123 51123 52123 53123 54123 55123 56123 57123 58123 59123 60123 61123 62123 63123 
32124 33124 34124 35124 36124 37124 38124 39124 40124 41124 42124 43124 44124 45124 46124 47124 48124 49124 50124 51124 52124 53124 54124 55124 56124 57124 58124 59124 60124 61124 62124 63124 
32125 33125 34125 35125 36125 37125 38125 39125 40125 41125 42125 43125 44125 45125 46125 47125 48125 49125 50125 51125 52125 53125 54125 55125 56125 57125 58125 59125 60125 61125 62125 63125 
32126 33126 34126 35126 36126 37126 38126 39126 40126 41126 42126 43126 44126 45126 46126 47126 48126 49126 50126 51126 52126 53126 54126 55126 56126 57126 58126 59126 60126 61126 62126 63126 
32127 33127 34127 35127 36127 37127 38127 39127 40127 41127 42127 43127 44127 45127 46127 47127 48127 49127 50127 51127 52127 53127 54127 55127 56127 57127 58127 59127 60127 61127 62127 63127 
