96000 97000 98000 99000 100000 101000 102000 103000 104000 105000 106000 107000 108000 109000 110000 111000 112000 113000 114000 115000 116000 117000 118000 119000 120000 121000 122000 123000 124000 125000 126000 127000 
96001 97001 98001 99001 100001 101001 102001 103001 104001 105001 106001 107001 108001 109001 110001 111001 112001 113001 114001 115001 116001 117001 118001 119001 120001 121001 122001 123001 124001 125001 126001 127001 
96002 97002 98002 99002 100002 101002 102002 103002 104002 105002 106002 107002 108002 109002 110002 111002 112002 113002 114002 115002 116002 117002 118002 119002 120002 121002 122002 123002 124002 125002 126002 127002 
96003 97003 98003 99003 100003 101003 102003 103003 104003 105003 106003 107003 108003 109003 110003 111003 112003 113003 114003 115003 116003 117003 118003 119003 120003 121003 122003 123003 124003 125003 126003 127003 
96004 97004 98004 99004 100004 101004 102004 103004 104004 105004 106004 107004 108004 109004 110004 111004 112004 113004 114004 115004 116004 117004 118004 119004 120004 121004 122004 123004 124004 125004 126004 127004 
96005 97005 98005 99005 100005 101005 102005 103005 104005 105005 106005 107005 108005 109005 110005 111005 112005 113005 114005 115005 116005 117005 118005 119005 120005 121005 122005 123005 124005 125005 126005 127005 
96006 97006 98006 99006 100006 101006 102006 103006 104006 105006 106006 107006 108006 109006 110006 111006 112006 113006 114006 115006 116006 117006 118006 119006 120006 121006 122006 123006 124006 125006 126006 127006 
96007 97007 98007 99007 100007 101007 102007 103007 104007 105007 106007 107007 108007 109007 110007 111007 112007 113007 114007 115007 116007 117007 118007 119007 120007 121007 122007 123007 124007 125007 126007 127007 
96008 97008 98008 99008 100008 101008 102008 103008 104008 105008 106008 107008 108008 109008 110008 111008 112008 113008 114008 115008 116008 117008 118008 119008 120008 121008 122008 123008 124008 125008 126008 127008 
96009 97009 98009 99009 100009 101009 102009 103009 104009 105009 106009 107009 108009 109009 110009 111009 112009 113009 114009 115009 116009 117009 118009 119009 120009 121009 122009 123009 124009 125009 126009 127009 
96010 97010 98010 99010 100010 101010 102010 103010 104010 105010 106010 107010 108010 109010 110010 111010 112010 113010 114010 115010 116010 117010 118010 119010 120010 121010 122010 123010 124010 125010 126010 127010 
96011 97011 98011 99011 100011 101011 102011 103011 104011 105011 106011 107011 108011 109011 110011 111011 112011 113011 114011 115011 116011 117011 118011 119011 120011 121011 122011 123011 124011 125011 126011 127011 
96012 97012 98012 99012 100012 101012 102012 103012 104012 105012 106012 107012 108012 109012 110012 111012 112012 113012 114012 115012 116012 117012 118012 119012 120012 121012 122012 123012 124012 125012 126012 127012 
96013 97013 98013 99013 100013 101013 102013 103013 104013 105013 106013 107013 108013 109013 110013 111013 112013 113013 114013 115013 116013 117013 118013 119013 120013 121013 122013 123013 124013 125013 126013 127013 
96014 97014 98014 99014 100014 101014 102014 103014 104014 105014 106014 107014 108014 109014 110014 111014 112014 113014 114014 115014 116014 117014 118014 119014 120014 121014 122014 123014 124014 125014 126014 127014 
96015 97015 98015 99015 100015 101015 102015 103015 104015 105015 106015 107015 108015 109015 110015 111015 112015 113015 114015 115015 116015 117015 118015 119015 120015 121015 122015 123015 124015 125015 126015 127015 
96016 97016 98016 99016 100016 101016 102016 103016 104016 105016 106016 107016 108016 109016 110016 111016 112016 113016 114016 115016 116016 117016 118016 119016 120016 121016 122016 123016 124016 125016 126016 127016 
96017 97017 98017 99017 100017 101017 102017 103017 104017 105017 106017 107017 108017 109017 110017 111017 112017 113017 114017 115017 116017 117017 118017 119017 120017 121017 122017 123017 124017 125017 126017 127017 
96018 97018 98018 99018 100018 101018 102018 103018 104018 105018 106018 107018 108018 109018 110018 111018 112018 113018 114018 115018 116018 117018 118018 119018 120018 121018 122018 123018 124018 125018 126018 127018 
96019 97019 98019 99019 100019 101019 102019 103019 104019 105019 106019 107019 108019 109019 110019 111019 112019 113019 114019 115019 116019 117019 118019 119019 120019 121019 122019 123019 124019 125019 126019 127019 
96020 97020 98020 99020 100020 101020 102020 103020 104020 105020 106020 107020 108020 109020 110020 111020 112020 113020 114020 115020 116020 117020 118020 119020 120020 121020 122020 123020 124020 125020 126020 127020 
96021 97021 98021 99021 100021 101021 102021 103021 104021 105021 106021 107021 108021 109021 110021 111021 112021 113021 114021 115021 116021 117021 118021 119021 120021 121021 122021 123021 124021 125021 126021 127021 
96022 97022 98022 99022 100022 101022 102022 103022 104022 105022 106022 107022 108022 109022 110022 111022 112022 113022 114022 115022 116022 117022 118022 119022 120022 121022 122022 123022 124022 125022 126022 127022 
96023 97023 98023 99023 100023 101023 102023 103023 104023 105023 106023 107023 108023 109023 110023 111023 112023 113023 114023 115023 116023 117023 118023 119023 120023 121023 122023 123023 124023 125023 126023 127023 
96024 97024 98024 99024 100024 101024 102024 103024 104024 105024 106024 107024 108024 109024 110024 111024 112024 113024 114024 115024 116024 117024 118024 119024 120024 121024 122024 123024 124024 125024 126024 127024 
96025 97025 98025 99025 100025 101025 102025 103025 104025 105025 106025 107025 108025 109025 110025 111025 112025 113025 114025 115025 116025 117025 118025 119025 120025 121025 122025 123025 124025 125025 126025 127025 
96026 97026 98026 99026 100026 101026 102026 103026 104026 105026 106026 107026 108026 109026 110026 111026 112026 113026 114026 115026 116026 117026 118026 119026 120026 121026 122026 123026 124026 125026 126026 127026 
96027 97027 98027 99027 100027 101027 102027 103027 104027 105027 106027 107027 108027 109027 110027 111027 112027 113027 114027 115027 116027 117027 118027 119027 120027 121027 122027 123027 124027 125027 126027 127027 
96028 97028 98028 99028 100028 101028 102028 103028 104028 105028 106028 107028 108028 109028 110028 111028 112028 113028 114028 115028 116028 117028 118028 119028 120028 121028 122028 123028 124028 125028 126028 127028 
96029 97029 98029 99029 100029 101029 102029 103029 104029 105029 106029 107029 108029 109029 110029 111029 112029 113029 114029 115029 116029 117029 118029 119029 120029 121029 122029 123029 124029 125029 126029 127029 
96030 97030 98030 99030 100030 101030 102030 103030 104030 105030 106030 107030 108030 109030 110030 111030 112030 113030 114030 115030 116030 117030 118030 119030 120030 121030 122030 123030 124030 125030 126030 127030 
96031 97031 98031 99031 100031 101031 102031 103031 104031 105031 106031 107031 108031 109031 110031 111031 112031 113031 114031 115031 116031 117031 118031 119031 120031 121031 122031 123031 124031 125031 126031 127031 
96032 97032 98032 99032 100032 101032 102032 103032 104032 105032 106032 107032 108032 109032 110032 111032 112032 113032 114032 115032 116032 117032 118032 119032 120032 121032 122032 123032 124032 125032 126032 127032 
96033 97033 98033 99033 100033 101033 102033 103033 104033 105033 106033 107033 108033 109033 110033 111033 112033 113033 114033 115033 116033 117033 118033 119033 120033 121033 122033 123033 124033 125033 126033 127033 
96034 97034 98034 99034 100034 101034 102034 103034 104034 105034 106034 107034 108034 109034 110034 111034 112034 113034 114034 115034 116034 117034 118034 119034 120034 121034 122034 123034 124034 125034 126034 127034 
96035 97035 98035 99035 100035 101035 102035 103035 104035 105035 106035 107035 108035 109035 110035 111035 112035 113035 114035 115035 116035 117035 118035 119035 120035 121035 122035 123035 124035 125035 126035 127035 
96036 97036 98036 99036 100036 101036 102036 103036 104036 105036 106036 107036 108036 109036 110036 111036 112036 113036 114036 115036 116036 117036 118036 119036 120036 121036 122036 123036 124036 125036 126036 127036 
96037 97037 98037 99037 100037 101037 102037 103037 104037 105037 106037 107037 108037 109037 110037 111037 112037 113037 114037 115037 116037 117037 118037 119037 120037 121037 122037 123037 124037 125037 126037 127037 
96038 97038 98038 99038 100038 101038 102038 103038 104038 105038 106038 107038 108038 109038 110038 111038 112038 113038 114038 115038 116038 117038 118038 119038 120038 121038 122038 123038 124038 125038 126038 127038 
96039 97039 98039 99039 100039 101039 102039 103039 104039 105039 106039 107039 108039 109039 110039 111039 112039 113039 114039 115039 116039 117039 118039 119039 120039 121039 122039 123039 124039 125039 126039 127039 
96040 97040 98040 99040 100040 101040 102040 103040 104040 105040 106040 107040 108040 109040 110040 111040 112040 113040 114040 115040 116040 117040 118040 119040 120040 121040 122040 123040 124040 125040 126040 127040 
96041 97041 98041 99041 100041 101041 102041 103041 104041 105041 106041 107041 108041 109041 110041 111041 112041 113041 114041 115041 116041 117041 118041 119041 120041 121041 122041 123041 124041 125041 126041 127041 
96042 97042 98042 99042 100042 101042 102042 103042 104042 105042 106042 107042 108042 109042 110042 111042 112042 113042 114042 115042 116042 117042 118042 119042 120042 121042 122042 123042 124042 125042 126042 127042 
96043 97043 98043 99043 100043 101043 102043 103043 104043 105043 106043 107043 108043 109043 110043 111043 112043 113043 114043 115043 116043 117043 118043 119043 120043 121043 122043 123043 124043 125043 126043 127043 
96044 97044 98044 99044 100044 101044 102044 103044 104044 105044 106044 107044 108044 109044 110044 111044 112044 113044 114044 115044 116044 117044 118044 119044 120044 121044 122044 123044 124044 125044 126044 127044 
96045 97045 98045 99045 100045 101045 102045 103045 104045 105045 106045 107045 108045 109045 110045 111045 112045 113045 114045 115045 116045 117045 118045 119045 120045 121045 122045 123045 124045 125045 126045 127045 
96046 97046 98046 99046 100046 101046 102046 103046 104046 105046 106046 107046 108046 109046 110046 111046 112046 113046 114046 115046 116046 117046 118046 119046 120046 121046 122046 123046 124046 125046 126046 127046 
96047 97047 98047 99047 100047 101047 102047 103047 104047 105047 106047 107047 108047 109047 110047 111047 112047 113047 114047 115047 116047 117047 118047 119047 120047 121047 122047 123047 124047 125047 126047 127047 
96048 97048 98048 99048 100048 101048 102048 103048 104048 105048 106048 107048 108048 109048 110048 111048 112048 113048 114048 115048 116048 117048 118048 119048 120048 121048 122048 123048 124048 125048 126048 127048 
96049 97049 98049 99049 100049 101049 102049 103049 104049 105049 106049 107049 108049 109049 110049 111049 112049 113049 114049 115049 116049 117049 118049 119049 120049 121049 122049 123049 124049 125049 126049 127049 
96050 97050 98050 99050 100050 101050 102050 103050 104050 105050 106050 107050 108050 109050 110050 111050 112050 113050 114050 115050 116050 117050 118050 119050 120050 121050 122050 123050 124050 125050 126050 127050 
96051 97051 98051 99051 100051 101051 102051 103051 104051 105051 106051 107051 108051 109051 110051 111051 112051 113051 114051 115051 116051 117051 118051 119051 120051 121051 122051 123051 124051 125051 126051 127051 
96052 97052 98052 99052 100052 101052 102052 103052 104052 105052 106052 107052 108052 109052 110052 111052 112052 113052 114052 115052 116052 117052 118052 119052 120052 121052 122052 123052 124052 125052 126052 127052 
96053 97053 98053 99053 100053 101053 102053 103053 104053 105053 106053 107053 108053 109053 110053 111053 112053 113053 114053 115053 116053 117053 118053 119053 120053 121053 122053 123053 124053 125053 126053 127053 
96054 97054 98054 99054 100054 101054 102054 103054 104054 105054 106054 107054 108054 109054 110054 111054 112054 113054 114054 115054 116054 117054 118054 119054 120054 121054 122054 123054 124054 125054 126054 127054 
96055 97055 98055 99055 100055 101055 102055 103055 104055 105055 106055 107055 108055 109055 110055 111055 112055 113055 114055 115055 116055 117055 118055 119055 120055 121055 122055 123055 124055 125055 126055 127055 
96056 97056 98056 99056 100056 101056 102056 103056 104056 105056 106056 107056 108056 109056 110056 111056 112056 113056 114056 115056 116056 117056 118056 119056 120056 121056 122056 123056 124056 125056 126056 127056 
96057 97057 98057 99057 100057 101057 102057 103057 104057 105057 106057 107057 108057 109057 110057 111057 112057 113057 114057 115057 116057 117057 118057 119057 120057 121057 122057 123057 124057 125057 126057 127057 
96058 97058 98058 99058 100058 101058 102058 103058 104058 105058 106058 107058 108058 109058 110058 111058 112058 113058 114058 115058 116058 117058 118058 119058 120058 121058 122058 123058 124058 125058 126058 127058 
96059 97059 98059 99059 100059 101059 102059 103059 104059 105059 106059 107059 108059 109059 110059 111059 112059 113059 114059 115059 116059 117059 118059 119059 120059 121059 122059 123059 124059 125059 126059 127059 
96060 97060 98060 99060 100060 101060 102060 103060 104060 105060 106060 107060 108060 109060 110060 111060 112060 113060 114060 115060 116060 117060 118060 119060 120060 121060 122060 123060 124060 125060 126060 127060 
96061 97061 98061 99061 100061 101061 102061 103061 104061 105061 106061 107061 108061 109061 110061 111061 112061 113061 114061 115061 116061 117061 118061 119061 120061 121061 122061 123061 124061 125061 126061 127061 
96062 97062 98062 99062 100062 101062 102062 103062 104062 105062 106062 107062 108062 109062 110062 111062 112062 113062 114062 115062 116062 117062 118062 119062 120062 121062 122062 123062 124062 125062 126062 127062 
96063 97063 98063 99063 100063 101063 102063 103063 104063 105063 106063 107063 108063 109063 110063 111063 112063 113063 114063 115063 116063 117063 118063 119063 120063 121063 122063 123063 124063 125063 126063 127063 
96064 97064 98064 99064 100064 101064 102064 103064 104064 105064 106064 107064 108064 109064 110064 111064 112064 113064 114064 115064 116064 117064 118064 119064 120064 121064 122064 123064 124064 125064 126064 127064 
96065 97065 98065 99065 100065 101065 102065 103065 104065 105065 106065 107065 108065 109065 110065 111065 112065 113065 114065 115065 116065 117065 118065 119065 120065 121065 122065 123065 124065 125065 126065 127065 
96066 97066 98066 99066 100066 101066 102066 103066 104066 105066 106066 107066 108066 109066 110066 111066 112066 113066 114066 115066 116066 117066 118066 119066 120066 121066 122066 123066 124066 125066 126066 127066 
96067 97067 98067 99067 100067 101067 102067 103067 104067 105067 106067 107067 108067 109067 110067 111067 112067 113067 114067 115067 116067 117067 118067 119067 120067 121067 122067 123067 124067 125067 126067 127067 
96068 97068 98068 99068 100068 101068 102068 103068 104068 105068 106068 107068 108068 109068 110068 111068 112068 113068 114068 115068 116068 117068 118068 119068 120068 121068 122068 123068 124068 125068 126068 127068 
96069 97069 98069 99069 100069 101069 102069 103069 104069 105069 106069 107069 108069 109069 110069 111069 112069 113069 114069 115069 116069 117069 118069 119069 120069 121069 122069 123069 124069 125069 126069 127069 
96070 97070 98070 99070 100070 101070 102070 103070 104070 105070 106070 107070 108070 109070 110070 111070 112070 113070 114070 115070 116070 117070 118070 119070 120070 121070 122070 123070 124070 125070 126070 127070 
96071 97071 98071 99071 100071 101071 102071 103071 104071 105071 106071 107071 108071 109071 110071 111071 112071 113071 114071 115071 116071 117071 118071 119071 120071 121071 122071 123071 124071 125071 126071 127071 
96072 97072 98072 99072 100072 101072 102072 103072 104072 105072 106072 107072 108072 109072 110072 111072 112072 113072 114072 115072 116072 117072 118072 119072 120072 121072 122072 123072 124072 125072 126072 127072 
96073 97073 98073 99073 100073 101073 102073 103073 104073 105073 106073 107073 108073 109073 110073 111073 112073 113073 114073 115073 116073 117073 118073 119073 120073 121073 122073 123073 124073 125073 126073 127073 
96074 97074 98074 99074 100074 101074 102074 103074 104074 105074 106074 107074 108074 109074 110074 111074 112074 113074 114074 115074 116074 117074 118074 119074 120074 121074 122074 123074 124074 125074 126074 127074 
96075 97075 98075 99075 100075 101075 102075 103075 104075 105075 106075 107075 108075 109075 110075 111075 112075 113075 114075 115075 116075 117075 118075 119075 120075 121075 122075 123075 124075 125075 126075 127075 
96076 97076 98076 99076 100076 101076 102076 103076 104076 105076 106076 107076 108076 109076 110076 111076 112076 113076 114076 115076 116076 117076 118076 119076 120076 121076 122076 123076 124076 125076 126076 127076 
96077 97077 98077 99077 100077 101077 102077 103077 104077 105077 106077 107077 108077 109077 110077 111077 112077 113077 114077 115077 116077 117077 118077 119077 120077 121077 122077 123077 124077 125077 126077 127077 
96078 97078 98078 99078 100078 101078 102078 103078 104078 105078 106078 107078 108078 109078 110078 111078 112078 113078 114078 115078 116078 117078 118078 119078 120078 121078 122078 123078 124078 125078 126078 127078 
96079 97079 98079 99079 100079 101079 102079 103079 104079 105079 106079 107079 108079 109079 110079 111079 112079 113079 114079 115079 116079 117079 118079 119079 120079 121079 122079 123079 124079 125079 126079 127079 
96080 97080 98080 99080 100080 101080 102080 103080 104080 105080 106080 107080 108080 109080 110080 111080 112080 113080 114080 115080 116080 117080 118080 119080 120080 121080 122080 123080 124080 125080 126080 127080 
96081 97081 98081 99081 100081 101081 102081 103081 104081 105081 106081 107081 108081 109081 110081 111081 112081 113081 114081 115081 116081 117081 118081 119081 120081 121081 122081 123081 124081 125081 126081 127081 
96082 97082 98082 99082 100082 101082 102082 103082 104082 105082 106082 107082 108082 109082 110082 111082 112082 113082 114082 115082 116082 117082 118082 119082 120082 121082 122082 123082 124082 125082 126082 127082 
96083 97083 98083 99083 100083 101083 102083 103083 104083 105083 106083 107083 108083 109083 110083 111083 112083 113083 114083 115083 116083 117083 118083 119083 120083 121083 122083 123083 124083 125083 126083 127083 
96084 97084 98084 99084 100084 101084 102084 103084 104084 105084 106084 107084 108084 109084 110084 111084 112084 113084 114084 115084 116084 117084 118084 119084 120084 121084 122084 123084 124084 125084 126084 127084 
96085 97085 98085 99085 100085 101085 102085 103085 104085 105085 106085 107085 108085 109085 110085 111085 112085 113085 114085 115085 116085 117085 118085 119085 120085 121085 122085 123085 124085 125085 126085 127085 
96086 97086 98086 99086 100086 101086 102086 103086 104086 105086 106086 107086 108086 109086 110086 111086 112086 113086 114086 115086 116086 117086 118086 119086 120086 121086 122086 123086 124086 125086 126086 127086 
96087 97087 98087 99087 100087 101087 102087 103087 104087 105087 106087 107087 108087 109087 110087 111087 112087 113087 114087 115087 116087 117087 118087 119087 120087 121087 122087 123087 124087 125087 126087 127087 
96088 97088 98088 99088 100088 101088 102088 103088 104088 105088 106088 107088 108088 109088 110088 111088 112088 113088 114088 115088 116088 117088 118088 119088 120088 121088 122088 123088 124088 125088 126088 127088 
96089 97089 98089 99089 100089 101089 102089 103089 104089 105089 106089 107089 108089 109089 110089 111089 112089 113089 114089 115089 116089 117089 118089 119089 120089 121089 122089 123089 124089 125089 126089 127089 
96090 97090 98090 99090 100090 101090 102090 103090 104090 105090 106090 107090 108090 109090 110090 111090 112090 113090 114090 115090 116090 117090 118090 119090 120090 121090 122090 123090 124090 125090 126090 127090 
96091 97091 98091 99091 100091 101091 102091 103091 104091 105091 106091 107091 108091 109091 110091 111091 112091 113091 114091 115091 116091 117091 118091 119091 120091 121091 122091 123091 124091 125091 126091 127091 
96092 97092 98092 99092 100092 101092 102092 103092 104092 105092 106092 107092 108092 109092 110092 111092 112092 113092 114092 115092 116092 117092 118092 119092 120092 121092 122092 123092 124092 125092 126092 127092 
96093 97093 98093 99093 100093 101093 102093 103093 104093 105093 106093 107093 108093 109093 110093 111093 112093 113093 114093 115093 116093 117093 118093 119093 120093 121093 122093 123093 124093 125093 126093 127093 
96094 97094 98094 99094 100094 101094 102094 103094 104094 105094 106094 107094 108094 109094 110094 111094 112094 113094 114094 115094 116094 117094 118094 119094 120094 121094 122094 123094 124094 125094 126094 127094 
96095 97095 98095 99095 100095 101095 102095 103095 104095 105095 106095 107095 108095 109095 110095 111095 112095 113095 114095 115095 116095 117095 118095 119095 120095 121095 122095 123095 124095 125095 126095 127095 
96096 97096 98096 99096 100096 101096 102096 103096 104096 105096 106096 107096 108096 109096 110096 111096 112096 113096 114096 115096 116096 117096 118096 119096 120096 121096 122096 123096 124096 125096 126096 127096 
96097 97097 98097 99097 100097 101097 102097 103097 104097 105097 106097 107097 108097 109097 110097 111097 112097 113097 114097 115097 116097 117097 118097 119097 120097 121097 122097 123097 124097 125097 126097 127097 
96098 97098 98098 99098 100098 101098 102098 103098 104098 105098 106098 107098 108098 109098 110098 111098 112098 113098 114098 115098 116098 117098 118098 119098 120098 121098 122098 123098 124098 125098 126098 127098 
96099 97099 98099 99099 100099 101099 102099 103099 104099 105099 106099 107099 108099 109099 110099 111099 112099 113099 114099 115099 116099 117099 118099 119099 120099 121099 122099 123099 124099 125099 126099 127099 
96100 97100 98100 99100 100100 101100 102100 103100 104100 105100 106100 107100 108100 109100 110100 111100 112100 113100 114100 115100 116100 117100 118100 119100 120100 121100 122100 123100 124100 125100 126100 127100 
96101 97101 98101 99101 100101 101101 102101 103101 104101 105101 106101 107101 108101 109101 110101 111101 112101 113101 114101 115101 116101 117101 118101 119101 120101 121101 122101 123101 124101 125101 126101 127101 
96102 97102 98102 99102 100102 101102 102102 103102 104102 105102 106102 107102 108102 109102 110102 111102 112102 113102 114102 115102 116102 117102 118102 119102 120102 121102 122102 123102 124102 125102 126102 127102 
96103 97103 98103 99103 100103 101103 102103 103103 104103 105103 106103 107103 108103 109103 110103 111103 112103 113103 114103 115103 116103 117103 118103 119103 120103 121103 122103 123103 124103 125103 126103 127103 
96104 97104 98104 99104 100104 101104 102104 103104 104104 105104 106104 107104 108104 109104 110104 111104 112104 113104 114104 115104 116104 117104 118104 119104 120104 121104 122104 123104 124104 125104 126104 127104 
96105 97105 98105 99105 100105 101105 102105 103105 104105 105105 106105 107105 108105 109105 110105 111105 112105 113105 114105 115105 116105 117105 118105 119105 120105 121105 122105 123105 124105 125105 126105 127105 
96106 97106 98106 99106 100106 101106 102106 103106 104106 105106 106106 107106 108106 109106 110106 111106 112106 113106 114106 115106 116106 117106 118106 119106 120106 121106 122106 123106 124106 125106 126106 127106 
96107 97107 98107 99107 100107 101107 102107 103107 104107 105107 106107 107107 108107 109107 110107 111107 112107 113107 114107 115107 116107 117107 118107 119107 120107 121107 122107 123107 124107 125107 126107 127107 
96108 97108 98108 99108 100108 101108 102108 103108 104108 105108 106108 107108 108108 109108 110108 111108 112108 113108 114108 115108 116108 117108 118108 119108 120108 121108 122108 123108 124108 125108 126108 127108 
96109 97109 98109 99109 100109 101109 102109 103109 104109 105109 106109 107109 108109 109109 110109 111109 112109 113109 114109 115109 116109 117109 118109 119109 120109 121109 122109 123109 124109 125109 126109 127109 
96110 97110 98110 99110 100110 101110 102110 103110 104110 105110 106110 107110 108110 109110 110110 111110 112110 113110 114110 115110 116110 117110 118110 119110 120110 121110 122110 123110 124110 125110 126110 127110 
96111 97111 98111 99111 100111 101111 102111 103111 104111 105111 106111 107111 108111 109111 110111 111111 112111 113111 114111 115111 116111 117111 118111 119111 120111 121111 122111 123111 124111 125111 126111 127111 
96112 97112 98112 99112 100112 101112 102112 103112 104112 105112 106112 107112 108112 109112 110112 111112 112112 113112 114112 115112 116112 117112 118112 119112 120112 121112 122112 123112 124112 125112 126112 127112 
96113 97113 98113 99113 100113 101113 102113 103113 104113 105113 106113 107113 108113 109113 110113 111113 112113 113113 114113 115113 116113 117113 118113 119113 120113 121113 122113 123113 124113 125113 126113 127113 
96114 97114 98114 99114 100114 101114 102114 103114 104114 105114 106114 107114 108114 109114 110114 111114 112114 113114 114114 115114 116114 117114 118114 119114 120114 121114 122114 123114 124114 125114 126114 127114 
96115 97115 98115 99115 100115 101115 102115 103115 104115 105115 106115 107115 108115 109115 110115 111115 112115 113115 114115 115115 116115 117115 118115 119115 120115 121115 122115 123115 124115 125115 126115 127115 
96116 97116 98116 99116 100116 101116 102116 103116 104116 105116 106116 107116 108116 109116 110116 111116 112116 113116 114116 115116 116116 117116 118116 119116 120116 121116 122116 123116 124116 125116 126116 127116 
96117 97117 98117 99117 100117 101117 102117 103117 104117 105117 106117 107117 108117 109117 110117 111117 112117 113117 114117 115117 116117 117117 118117 119117 120117 121117 122117 123117 124117 125117 126117 127117 
96118 97118 98118 99118 100118 101118 102118 103118 104118 105118 106118 107118 108118 109118 110118 111118 112118 113118 114118 115118 116118 117118 118118 119118 120118 121118 122118 123118 124118 125118 126118 127118 
96119 97119 98119 99119 100119 101119 102119 103119 104119 105119 106119 107119 108119 109119 110119 111119 112119 113119 114119 115119 116119 117119 118119 119119 120119 121119 122119 123119 124119 125119 126119 127119 
96120 97120 98120 99120 100120 101120 102120 103120 104120 105120 106120 107120 108120 109120 110120 111120 112120 113120 114120 115120 116120 117120 118120 119120 120120 121120 122120 123120 124120 125120 126120 127120 
96121 97121 98121 99121 100121 101121 102121 103121 104121 105121 106121 107121 108121 109121 110121 111121 112121 113121 114121 115121 116121 117121 118121 119121 120121 121121 122121 123121 124121 125121 126121 127121 
96122 97122 98122 99122 100122 101122 102122 103122 104122 105122 106122 107122 108122 109122 110122 111122 112122 113122 114122 115122 116122 117122 118122 119122 120122 121122 122122 123122 124122 125122 126122 127122 
96123 97123 98123 99123 100123 101123 102123 103123 104123 105123 106123 107123 108123 109123 110123 111123 112123 113123 114123 115123 116123 117123 118123 119123 120123 121123 122123 123123 124123 125123 126123 127123 
96124 97124 98124 99124 100124 101124 102124 103124 104124 105124 106124 107124 108124 109124 110124 111124 112124 113124 114124 115124 116124 117124 118124 119124 120124 121124 122124 123124 124124 125124 126124 127124 
96125 97125 98125 99125 100125 101125 102125 103125 104125 105125 106125 107125 108125 109125 110125 111125 112125 113125 114125 115125 116125 117125 118125 119125 120125 121125 122125 123125 124125 125125 126125 127125 
96126 97126 98126 99126 100126 101126 102126 103126 104126 105126 106126 107126 108126 109126 110126 111126 112126 113126 114126 115126 116126 117126 118126 119126 120126 121126 122126 123126 124126 125126 126126 127126 
96127 97127 98127 99127 100127 101127 102127 103127 104127 105127 106127 107127 108127 109127 110127 111127 112127 113127 114127 115127 116127 117127 118127 119127 120127 121127 122127 123127 124127 125127 126127 127127 
